  0.40033603781657517       0.16503402404214318     
  0.40043710620325840       0.22514327614212226     
  0.40285365299697407       0.28185700651304918     
  0.40126479862768555       0.30924738452157868     
  0.40106420103686136       0.32959597364831450     
  0.40354403493734464       0.37462790266561646     
  0.40038492145887061       0.39456422841917627     
  0.40282778314632739       0.41990676747773653     
  0.40161057707839787       0.45480399953606027     
  0.40165804127343491       0.49434785682999566     
  0.40362080092054509       0.49879135105446581     
  0.40562389665482862       0.50503636627639370     
  0.40334854409877835       0.55650244808153393     
  0.40314960017266510       0.57855213543560680     
  0.40488218352698380       0.62451150486283569     
  0.40303616986611829       0.65186346621070768     
  0.40210517605123708       0.67227647957521453     
  0.40307672858340921       0.69819848744133695     
  0.40335396806680340       0.70825163729967722     
  0.40475480540450937       0.73163099349834548     
  0.40474280868059925       0.74470977835762464     
  0.40521573021305651       0.77234904178541841     
  0.40366360243703048       0.77963668169106659     
  0.40191947757766483       0.80218140184178821     
  0.40795539100590816       0.80135351662918852     
  0.40022509190946370       0.81870135544395883     
  0.40188242567242682       0.83973250156842061     
  0.40339129412636210       0.85160312792036974     
  0.40088148847589311       0.87100768752257895     
  0.40376588841842154       0.90053705498543546     
  0.40259613549169693       0.89176665032741875     
  0.40144609384661123       0.94022462763937842     
  0.40070624098918028       0.93292814775218358     
  0.40651986191483641       0.95568095016389576     
  0.40724965491722698       0.95953112746507729     
  0.40857613766694556       0.99083560177159158     
  0.40833930941014074       0.99054115196979453     
  0.40602259228018717        1.0074745315711799     
  0.40092019122029682        1.0197741941825642     
  0.40049869378112490        1.0215277729012651     
  0.40320782171644037        1.0482339533452221     
  0.40816345413682076        1.0506068270705340     
  0.40367615938961071        1.0802651905753047     
  0.40693834637099285        1.0896401291124340     
  0.41058632508496318        1.1114177698482584     
  0.40606735510081482        1.1166248720626575     
  0.40262962221097226        1.1316633481129150     
  0.40668656099602801        1.1503588160984097     
  0.40103750957473233        1.1657535817046516     
  0.40327194726339166        1.1683303595721337     
  0.40259165709920525        1.1753803815981250     
  0.40824511774313627        1.2119753048875372     
  0.40114504472253704        1.2181127625487271     
  0.41108503614267333        1.2138787692706470     
  0.40311418298921337        1.2309236781987010     
  0.40713957120035332        1.2288010268723193     
  0.40263065719135227        1.2467203315767592     
  0.40803811325889866        1.2597722464590040     
  0.40803404242183061        1.2619762843363946     
  0.41086448462529246        1.3106456445275405     
  0.40302237207988040        1.3114992660574816     
  0.40157753474522095        1.3278237389378449     
  0.40587471190130187        1.3468510722108029     
  0.40374978840942882        1.3201978155695457     
  0.40382149861634087        1.3694820346849172     
  0.40624536056231830        1.3536069134823061     
  0.40134129145302588        1.3589398719551207     
  0.40218872095786801        1.3861510110286708     
  0.40062931214306369        1.3967324848990872     
  0.40224466075459114        1.4061900742723581     
  0.40517114306928442        1.4279779982707468     
  0.41111274752672494        1.4338577671794295     
  0.41012190527005343        1.4330605966783367     
  0.41032122834466889        1.4551528683375017     
  0.40231498323186693        1.4733628792109443     
  0.40624815876807280        1.4487220672575527     
  0.40914911769383822        1.4941540303693739     
  0.41127618676156896        1.4870638459052088     
  0.41188585495726177        1.4779210515912420     
  0.40670228617650722        1.5079725372334361     
  0.40323201729008629        1.5201058434240955     
  0.40929176727639754        1.5388188620967649     
  0.41122755101390895        1.5568732273700283     
  0.40887938678258523        1.5443175671248914     
  0.40275079035718425        1.5777803381115445     
  0.40580591650142972        1.5938802681192694     
  0.40578474610744764        1.5955128937989920     
  0.40985645936554327        1.6172866933075070     
  0.40879865584314201        1.6153328811972516     
  0.40793020672379321        1.6235336815803771     
  0.41070131118163816        1.6400767758208590     
  0.41024082671418777        1.6479341578973337     
  0.40569135221161845        1.6367856658275022     
  0.40532167508554717        1.6808426432352033     
  0.40817199600904908        1.6883509288344889     
  0.40251507014703319        1.6749572905473584     
  0.41051739666787246        1.7080041305368729     
  0.41045225413995312        1.7228989714277065     
  0.40656548019832750        1.7484415122733390     
  0.40070939142352768        1.7341521069049100     
  0.40144340007387119        1.7685498672530806     
  0.40711767653616338        1.7867922321541219     
  0.40429138212694471        1.8153304058285975     
  0.40176509997816651        1.7947020075651152     
  0.40470478592695736        1.8248670048098641     
  0.40417530230657667        1.8305508086337730     
  0.40129832729464171        1.8844713972596525     
  0.41140783848370155        1.8661974399216521     
  0.40942587011930809        1.8701422032464410     
  0.40443744281676808        1.9040210103447970     
  0.40194409861064773        1.8990427407491179     
  0.40694853234882200        1.8946735934058005     
  0.40289856808128949        1.9385038013296259     
  0.40404164302487833        1.9222955671602728     
  0.40902670403920621        1.9713627778455740     
  0.40155944449169295        1.9706343072818504     
  0.40803611316439614        1.9524424959362618     
  0.40802785641925565        2.0101875582948230     
  0.40359403806806893        2.0041338211597792     
  0.41048974027254365        2.0011197365024729     
  0.40411768625925854        2.0133600277543495     
  0.40532471389943853        2.0407945766064568     
  0.40731870855199526        2.0353857170864469     
  0.40956018110075343        2.0504060177812375     
  0.40005298054039484        2.0633031050135808     
  0.40419803836286666        2.0664031438409465     
  0.41033527524013413        2.1021598052939510     
  0.40657959058495136        2.0801883255052651     
  0.40513142337416186        2.0883010470914480     
  0.40982079395459364        2.1333809992802961     
  0.40746579795238680        2.1091356835454791     
  0.40011452825606192        2.1673035460254586     
  0.40427572369128623        2.1532648468571223     
  0.40045299657971523        2.1444665672728478     
  0.40471674483779846        2.1907215400002769     
  0.40814295166179199        2.1931495233804164     
  0.40772026468155298        2.2254336313483249     
  0.40752165395334855        2.2235034331648689     
  0.40547227816249926        2.2523000390743904     
  0.40724309385599211        2.2507407504194092     
  0.40446722289098452        2.2693192132266735     
  0.40281105875294881        2.2791189821386815     
  0.40824449273735613        2.3088360384027387     
  0.40273504548756933        2.3069148628637191     
  0.40826684461031337        2.3434624801979917     
  0.40367949677956638        2.3384959234858447     
  0.40022339955302061        2.3698674509321522     
  0.40495515730027309        2.3916638995887385     
  0.40605301132834865        2.3881228695445076     
  0.40566906733975855        2.4426551260459690     
  0.40698214668936894        2.4430221885542838     
  0.40231308335256122        2.4714528609749307     
  0.40412270998376110        2.4688164564679629     
  0.40021568696838955        2.5025855381141877     
  0.40063334209733603        2.5141592628439908     
  0.40519362499789047        2.5392247434681683     
  0.40167921758966868        2.5524211821092448     
  0.40251879424436338        2.5682457570582251     
  0.40544399067315906        2.5794960674412142     
  0.40362904704246050        2.5809131021873912     
  0.40505512450293302        2.6356572623983645     
  0.40358244740592941        2.6510452166874412     
  0.40044329073873641        2.6737294057138019     
  0.40461034681775432        2.7261504959015626     
  0.40037765784263235        2.7604876863216670     
  0.40288639330865667        2.7693147085200525     
  0.40311974530847228        2.8109481079912459     
  0.40039641046076552        2.8634229862162872     
  0.40080444913256241        2.9119622506265732     
  0.40180923380045541        2.9518129119965755     
  0.40110358192716389        2.9599374415919475     
  0.40006379175921780        3.0343575453902543     
