        1628
  0.47991950584677323       0.12526950618437088     
  0.99166629346335389       0.90918334589586780     
  0.52925625640670004        2.8841438578114214     
  0.97647387545200204        1.8712104508452974     
  0.78760418516069941        2.3979480797550075     
  0.68936773507263971        1.1251394111978783     
  0.87022560060053189        1.1324897674187582     
  0.67375106496301995       0.44366430456314498     
  0.77155698757916336        2.0496368109607346     
  0.64955457430483665       0.14540627244574370     
  0.15283237774645697       0.85335607420852189     
  0.16593871725147247       0.24178708540957727     
  0.97801278069029529        2.4476559583193280     
  0.78989169865076048       0.68129187142804015     
   8.3464519717629138E-002  0.53882676401833807     
  0.73448975964327234       0.53142822432095393     
  0.95996051281312544        7.7001883976745858E-002
  0.60686481829566141        2.1513515277809230     
  0.73454300529474326        3.0270013284886956     
  0.73741256383695419        1.0207957525875575     
  0.76190245293314707        2.3016455830696287     
  0.93116997801318913        2.8945217015268709     
  0.81027853406567441        2.8665699598972187     
  0.82453541399290819        1.8448597227463948     
  0.76939081401038301        2.9372829351834835E-002
  0.94577757455521794       0.10139226306060285     
  0.51441308257154517        5.5468151295594681E-002
  0.95411332047628650        2.5048254824948417     
  0.86673818523606894        2.3362408381060096     
  0.78935073875407735        2.5743622691895345     
  0.93316906733691107       0.16421071173823898     
  0.74729855910079712        1.3654329474229130     
  0.96861538142263304       0.90216120405907407     
  0.43801785051333775       0.18092275209232553     
  0.65237540775380320       0.81461431363150938     
  0.58791399279862788       0.97877449453798815     
  0.63575073511726155       0.71630832539853007     
  0.73952677353298246        1.7365200429829848     
  0.93166739041172075        2.5545696775054481     
  0.38633297205288686        2.6954790187069051     
  0.12411541801409209        1.4901250048990642     
   4.9424768508971928E-002  0.55400418766643666     
   8.5534644300800711E-002   1.0619718496667041     
  0.23533022495820433        2.0638791318842702     
  0.66015595134873950        2.6022883243401078     
  0.93779328369449544       0.25678000189011740     
   3.7958362093111431E-002   1.8255500406402181     
  0.72049622090753196        2.7204337921208870     
  0.15298482854277951        1.9583978242683788     
  0.10946728510002313        2.0458449160065624     
  0.88121764782266787        1.1379540730947084     
  0.24073832425929209       0.84217384941075446     
  0.62956533339034848        1.4472343958357743     
  0.74598394193072437       0.46594434054149442     
  0.82955706214365166        1.2286128685975504     
  0.18514958693064887       0.90141160603096626     
  0.94793713683803427        2.1164523855986315     
  0.93619159266534613        2.4314242363085627     
  0.11101744315184181        2.8578468695631081     
  0.96797129398455828        2.3953205992922428     
  0.89785177875766498       0.12261898192983338     
  0.72277768172674817        1.3483858929126153     
  0.71524403216746657        2.0126448650191651     
  0.81407977683681432       0.75821253219203499     
  0.53410920384020499       0.93620368840726675     
  0.94521459372639915        1.7093116886635336     
  0.26123556210747156        2.0689651510214819     
  0.39542409267965450        2.2075330283803325     
  0.92595457659473257       0.63363456739428325     
  0.73881210108981155        1.7064889395223644     
  0.77633461829255390       0.21774159608512980     
  0.84481761653198917        1.1805990473653889     
  0.46113989967453795       0.66385389164768727     
  0.96315411748208657        2.8708701251773192     
  0.42175878037116299       0.47694540443241978     
  0.82243519382758901        1.7289371845864889     
   9.8772655365700457E-002  0.10270876875610958     
  0.58384523655565013        1.9388252575451357     
  0.17358668873825100        2.1396851769405298     
  0.28432236417838641        2.5098653942024134     
  0.86836682392289088       0.63614364257425471     
  0.80934362781910318       0.90724987116173172     
  0.42200632001442795        1.6971193657698216     
  0.29531607156031292        3.1158250947359400     
  0.82707445873911789        3.0695044382496328     
  0.69191890067718365        1.6629170887288256     
  0.53976775266310073        2.3503099569728154     
   5.5287568969652923E-002   5.3154037678845349E-002
  0.77345598888888134        1.0863562904923427     
  0.99103517853181777       0.51959974261751218     
  0.94613583168276605       0.50431191338668002     
   5.1960918146920720E-002   3.0110876091426340     
  0.39238129315046677       0.85016451999198472     
  0.97389081219374407        1.5723819597493605     
  0.78991766552563669        1.5084486260994181     
  0.58796407655699767        2.2395953138736502     
  0.70419399166068264       0.73515890457743838     
  0.78749372818338204       0.24391818028692225     
  0.81927589390455435       0.91428121134961482     
  0.89810345706779859        2.3105283850725349     
  0.42813043699436060        2.8330684387652001     
  0.87126339279071396        2.4548073117477034     
  0.92274927431460452       0.24909643000599299     
  0.93438119911370920        1.6620411398544281     
  0.10555903258062382        1.9898950358687302     
  0.76183540414919337        1.8456425358467721     
  0.88129707201508944        3.0040591725347534     
  0.87887791079441180       0.61018352690237809     
  0.65225141112516993        2.4507817404459766     
  0.89252885220919487        1.1447632899319229     
  0.68661136855263205        1.2678476183374530     
  0.80581146810851212       0.24252091428699393     
  0.91515006417375588        2.6162973504393929     
  0.65784682691070084       0.58359645199058940     
  0.78685841890486208       0.68351700405922289     
  0.71066654611151969        1.1836685182753375     
  0.12671878697431271        2.1875361810756955     
  0.38302823886704906       0.33621374571593826     
  0.90144404085108454        1.5266825344247927     
  0.61739372486735922        1.7382361823084700     
  0.78310941414658619        3.1384045661365909     
  0.67585873179881539        3.1155267117554040     
  0.97179216760565923        1.4090271852720018     
  0.58260080317149032        2.0016632119466675     
  0.89928261209144500        3.1347710096309411     
  0.34514549445194986        2.3488694458677699     
  0.41597034605769301        1.6753431437193160     
  0.33046109223120734        1.7119369148455281     
  0.24172063021135548        2.9437149499278235     
  0.72774731401884041       0.41076664999148838     
  0.91429118047052793        2.1262930819842878     
  0.88594985125390047       0.49206835674158661     
   1.4597680502748123E-002  0.74152666022069713     
  0.90262784699765863        2.4148913221897752     
  0.39824794161038335       0.46649904872155595     
  0.84295354335926154       0.22185561110338267     
  0.95113142235388226       0.10635335570184497     
  0.48488396126534283        1.7382996810279134     
  0.75290570215257246       0.92479641701582815     
  0.55630603864934047        1.7450321840637233     
   7.9719375660567970E-002   2.3475122933084247     
  0.82658339036757622        1.5174074830917132     
  0.12082096218258809       0.96729304925831550     
   4.1244456127820794E-002   2.5608120495432156     
  0.98250953557893539        1.7393331943539136     
  0.39365258737711972        7.7960544138137343E-003
  0.89663599033658969        2.9460131499284907     
  0.97023797145519886        1.6036205448106255     
  0.56765680885498093        3.0014664295897124     
  0.99821302726123406       0.50618109125392896     
  0.16571843022570210        1.5637025843108641     
  0.14209381440671431        2.2719375390871002     
  0.87232381190680941        2.9881891689171001     
  0.82544036788769215       0.23243536643254423     
  0.88047916552221150       0.51115488852372049     
  0.83032688112723541        1.5139571416308846     
  0.62317664823583341        2.4234628851944033     
  0.33947523635525068       0.68676624492987581     
  0.94756277707407033       0.15486964729361069     
  0.82728251126162666        2.0457581227210384     
  0.76796574789241889       0.49749678119982843     
  0.91490545959970404       0.35394863593204406     
  0.94406183073170113        1.3464784895474011     
   2.5356879036048108E-003   1.1929176263346208     
  0.90379294678365918       0.62584801237340204     
  0.86681323286120759        1.5795185459843912     
  0.20306017121283781        1.6961166481588896     
  0.95007634476306080        1.6479679053849616     
  0.89278085034789745        2.9895163107390172     
  0.83950305243823820        2.5749670923781443     
  0.91975046614027889        1.9142534609015840     
  0.86701973315128911        2.3767724371383667     
   1.8099125201866406E-002   2.9461822116482366     
  0.64690391099949962       0.34174887657074204     
  0.48699776751937296        1.4019567394264498     
  0.71781147413832125        2.2168440478671996     
  0.97603844918162319        2.3463006399240047     
  0.42667018718989436        1.0766021075740029     
  0.75793466592347503        2.2078735376828953     
  0.92726525057327214        1.5926642397093196     
  0.38334760958786973        2.6069934859214463     
  0.71720355434623595       0.84820264482419883     
  0.91123150810970732        2.5642069222746500     
  0.70149497437845920        1.9350080568821759     
  0.52498642304202348        3.0004053141143636     
  0.59776527719686623        1.8691676343599628     
  0.71126764851715918        1.6676024163442900     
  0.90998770072761370        2.7657652607726488     
  0.67854481342801110       0.39658120491363430     
  0.99534137694318670        2.9903613410765582     
  0.97968819971206988        1.8523950722867499     
  0.48910967828674845        3.0262218989080334     
  0.98513290154772093        2.7304870612356945E-002
  0.10188624871798468        2.5764286684957711     
  0.32485634101744043        1.1824196555889244     
  0.73289302018702207       0.17177839944274786     
  0.90839014548392094       0.16630709082659148     
  0.19582631470544043        1.3123959754390047     
  0.38351207474091331       0.73695145609828094     
  0.96316095366590548       0.45313947025794915     
  0.25212551777973014       0.61766941210769533     
  0.71717513202302818        2.1832451428982083     
  0.92230078484214850        2.0651080326711808     
  0.84499343674913563        2.1146336762711555     
  0.39359985740505610        1.4497031123511219     
  0.85745261503143000        2.2849501261108829     
  0.97968346128686767        1.9878828384196956     
  0.31567177162625282        1.7630125723840837     
   5.3429154680055491E-002   2.4779004860277829     
  0.48470349598933316        2.3358158472859478     
  0.79334243697091400        7.3203271424086960E-002
   8.4797258601854164E-004   2.3793572898767161     
  0.84393995673135336        2.4848959640478308     
  0.57311980592803724        2.2722757099289677     
  0.80534109742295679        2.4968563516078435     
  0.91192616073918653        2.5764438100332803     
  0.78852665061226801        1.3885444765088375     
  0.93992709957559617       0.79998563789662136     
  0.44172627363947781        1.1337281021692700     
  0.73884437941686565        1.1511051336772167     
  0.99793034890782062       0.39209343981544481     
   9.7631697553804297E-002   5.3693920375929391E-002
  0.62077783941458242        1.4122886164774358     
  0.91260945154503914        2.9255072651795269     
  0.46308985904399191        2.7044478967712178     
  0.92305045574601274        1.5429571337476997     
   6.6345362113241158E-002  0.34918130684333626     
  0.65058327702163188        1.1148958139366045     
  0.67496892497136862        2.3906745902974951     
  0.98856372367316581        3.1045936445671387     
  0.16140695378545578       0.65132002327191207     
  0.92457728222407409        1.8759353137872756     
  0.85875343146767980        2.7525654343790027     
  0.82365033951195243        1.4050136775332036     
  0.80465774748437580        1.3795152998793714     
  0.94785142131440003       0.73689474241113051     
   1.4685750711004641E-002   1.3692500490326298     
  0.77704083245563571        1.3826742772031642     
  0.98865321802913408        2.8720114630197640     
  0.86597125990034374       0.33689794736231193     
  0.38798983635428497        2.6725503171917442     
  0.93877879626947502        2.6441366629707352     
  0.65756507080356696        1.8286656442434573E-002
  0.64724803618697901        2.0603699509363818     
  0.97594192858600126        2.0094658422374683     
  0.93553315160356021        2.0612471759108222     
  0.70446155527310939        1.0452849224709455     
  0.27726732142969490        2.5437033394502977E-002
  0.75450138424076152       0.56853718638627926     
  0.55910460625038627        2.5677166866586569     
  0.28574365864727658       0.29693358549725352     
  0.59177103429940003        1.7897577148604427     
  0.93468039669677228        1.9581485489927988     
  0.62561525780500293        2.9629114005368233     
  0.96560264786706229        2.4819719532402038     
  0.70449301188545288       0.84468067706051786     
  0.98290935973769944        1.8496168553315349     
  0.80040386658181362        1.6068371490942468     
  0.86551354570778216        1.5481154515691946     
  0.83735409380489800       0.28928859137184904     
  0.82203524281626661        1.2537256141162854     
  0.78696825143064120        3.0904837524767093     
  0.91589932194045465       0.98419092236772610     
  0.18237336480070221        1.4128128515683338     
  0.81936037987615140       0.50951858776454817     
  0.92432396690200203        2.5711044594948453     
  0.35111602231332661       0.37409723988390237     
  0.68248383224012110       0.95489482242905355     
  0.54866478257254192       0.13380848950828139     
  0.73024794734409226       0.86119626317230091     
  0.20749174125900449        2.3974653789009248     
  0.40845245651904205        1.8323938870567871     
   2.2267715520042808E-002   2.4765928372322366     
  0.45975739155493101        1.7881907422161478     
  0.82914760701404999        2.5835729248175285     
  0.92924677577634707        2.7091211166134466     
  0.62928274587574073       0.28755387320166964     
  0.97876767962843991        3.0531822454873536     
  0.98601158411251233        2.1252707113145961     
  0.90373344002357026        2.9739906057163723     
  0.46653105854173593        2.0243843507127077     
  0.51174002361779436        3.1059191360591987     
  0.95365264592099230        1.7923323177555606     
  0.18904925757206548        1.5883181546428518     
  0.54275767195509128       0.63941744681336865     
  0.71214773351018446        2.0908657224539131     
  0.85062451419807361        3.5046926418217717E-003
  0.78240023558485083        2.3377293509078880     
  0.97335046598996644        2.5002148134819380     
  0.66651773019247595        2.3670709324951469     
  0.93486593400296047        1.4967254835284884     
  0.77823177598522830        1.3993831510304264     
  0.82984277610150281        6.7589668510250167E-002
  0.16551294021277019        1.5204065719673732     
  0.82377063431973041        1.6845168900340097     
  0.79203576198518766        4.3878169221816865E-002
  0.84624589593402821        1.5234315905499558     
  0.61778798242476141       0.68363497876537627     
  0.86954704221888235        1.6306779379063192     
  0.92263000830599806        2.0563496105311088     
  0.99339718567601765        1.9754961895724057     
  0.93177918975462870        3.1350429200290666     
  0.17497538806317636        2.6364173691758501     
  0.70283429552787635       0.11205133530222768     
  0.88852091359129604        1.6526319441855415     
  0.95009051428087343        1.6997646490433416     
  0.51324714661370630        2.9663522234414694     
  0.16928278919841855        1.9492903849131191     
  0.73724353873322634        3.2433074621986913E-002
  0.79119929536775724       0.79434681318982547     
  0.10689351927773327       0.47891086883814971     
  0.49016238974815074        1.7861854382477660     
  0.12199544643996485       0.59300034331522777     
  0.53485363072681347        2.6444331706056716     
  0.83089655431779397        1.5192852426757042     
  0.92098409196884912       0.87722306266341510     
  0.97267223859526297        1.4967202877487293     
   9.1538572765178405E-002  0.85430072172145743     
  0.87422689604931736        1.4269808771693990     
  0.87613995920775545       0.70330662149574041     
  0.64893701170531737        2.0774018603145814     
  0.72854595791092625       0.45526515282953217     
  0.50458511275066931        1.0791198148868502     
  0.49226813491484822        1.5820211944788916     
  0.87438559660431081        2.7963949751143415     
   7.9651270136266272E-002   2.3801466045533308     
  0.48335144940155172        2.8222662766136835     
  0.93745221017092140        4.2941313499662841E-002
  0.88795896816344522        1.2956538762915579     
  0.38055953030535528       0.63745226467468474     
  0.67683550234281542        3.0509730695791695     
  0.69609315122254667        1.4981389991356580     
  0.79822933644964689       0.10691262386783354     
   1.7399151316929484E-002   1.9841600147354044     
  0.99259621465507242        2.0314797707460035     
  0.92274485557509467        1.8408284024134498     
  0.88282374687446419        3.0265409926139180     
  0.34771532629861224        1.9153936137331133     
  0.86822453266869737        1.3686787865595602     
  0.92927765942274232       0.14278684508240347     
  0.59788188193635083        2.3590493985084477     
  0.94922001542776591        2.8788816086452891     
  0.43381994772426269       0.41420026603410676     
  0.70180532818126429        3.0478091791972584     
  0.96617284273391635        2.2634737040328639     
  0.78672389961653455       0.10838147334531610     
  0.59420373067775645        1.4789517880856220     
  0.96345218118136922        2.0424006965249157     
  0.39841991735620486       0.41217662933275917     
  0.59732680937116067        2.8084440157036172     
  0.10337851875653692        2.2526474428504413     
  0.71070087586592923        1.0952940466858576     
  0.82155776828458671        1.8854643629073611     
  0.67594083798507165        1.7564564973070320     
  0.60293255665012035       0.16821602925861781     
  0.89395802446653616        2.7440813552037739     
  0.84170136488542924       0.90162228386888377     
  0.89085671113314702       0.20873570049423146     
  0.90320679146251548       0.78810351118430921     
  0.82119323392267296       0.16832476466343912     
  0.90413576290327857        2.3592480453021984     
  0.95988144200171899        2.5478919841615264     
  0.96418917490358658        1.8833855307239025     
  0.48963908272519518        2.1843563060053173     
  0.97862411638506308        1.6679510936544435     
  0.11292472629172112       0.85373180556582773     
  0.77230150400823516       0.90540476125888225     
   1.1528653339227812E-003   2.3666076775184957     
  0.98869054545530033        3.0697576044798582     
  0.97861469364132692        1.8942517605906362     
  0.59743626402211103       0.37494431108666254     
  0.20570584894544242       0.18239447669066389     
  0.52775510077473964       0.83541245004991893     
  0.83662068034800630        2.7167016405879183     
  0.73265907744982151        3.0360139286801329     
  0.44873963811257189        1.0605810074489219     
  0.96344232659824691       0.60619068277860411     
  0.85396401935382726        2.6028792201618498     
  0.28212434302733536        2.6779452259368997     
  0.93533688490274725       0.47368560281435784     
   6.4290173716591625E-002  0.56834659306659618     
  0.98281751722039901       0.82278674021317411     
  0.31007028618661614        2.0382099800229483     
  0.75989713283703952        2.2305101836239896     
  0.77177291602365417        1.5073231994490552     
  0.67685741089122053        2.4253791570072067     
  0.52885996457320883        1.7880562708581582     
  0.86731298149065317        2.9572136772416524     
  0.67928148273035716        1.5507863928059797     
   5.0639548396024914E-002   1.8373902526977921     
  0.98569300451327979        1.8931549184200152     
  0.86843920519074802       0.44207567716088592     
  0.91079290590387918       0.31795581423417585     
  0.90439042405071035        1.4499748111947286     
  0.55189619227158271        1.7638185658733045     
  0.25465116715437675        1.6604666179250520     
  0.12835876628759635        2.5891867615055322     
  0.82263125177766827        1.7258731555162941     
  0.63926579913451620        2.9169284521496497     
  0.17413291544925413        1.5483217726306775     
  0.76032179526307109        1.9969333688719157     
  0.99614323500186597       0.14980556134257331     
  0.91424831613197000       0.20077448770935208     
  0.73246669226832173        2.6092022315224201     
  0.81823460827351857       0.73651029939430401     
  0.90695205300646642        2.2296231882918121     
   8.4557119899173250E-002   2.8051596724877998     
  0.97341355523687223        2.2969794120246436     
  0.86699740897223265        1.7539362571037573     
  0.45816364475868709        2.8088892591707002     
  0.38072310743330928       0.66724300363677214     
  0.87777036651564277        1.3274036992908238     
  0.71658103083411084       0.78871011955148107     
   2.1788824646323479E-002   2.0472326853088592     
  0.71924784229735095       0.97305020608761306     
  0.79896236535963772        2.7694546332515810     
  0.97534858320887585        1.4247286829290133     
  0.52358666331985337       0.76666165047230039     
  0.79122952435078031        3.6644501045613669E-002
  0.14201473050876967        2.8504850174044600     
  0.66935546141187374       0.28242819283485276     
  0.63655486883763979       0.34486903947081138     
  0.64311240882640441        1.5957567351715771     
  0.72533380051036822       0.81381694214443534     
  0.66859422627719833        2.0897331805872681     
  0.70050817226903250        1.1346330620411660     
  0.61728274492268820        3.0358107627360709     
  0.12379008350467147        3.1138450025722957     
  0.96052496568930068       0.63086644040680251     
  0.53380395573640083       0.72160346749662396     
  0.54343614534206419        2.1739513582947625     
  0.96941685906132757       0.85529543329569324     
  0.78491736963221304        3.1321779595634096     
  0.69550890043897462        2.4456203634900593     
  0.81402854097720023        2.5690563828027297     
  0.76499273327416428        1.8393588223702391     
  0.99520689241006499        1.8556743252469123     
  0.90263175114552352        2.4521098452004626     
  0.84372631726757419        1.4377204312746252     
  0.98043393245774335       0.57533753011168631     
  0.85775687035424120        2.5805196057297519     
  0.91770570011620223       0.61389681779794236     
  0.91782865636078381        2.4129546171249481     
  0.90245871985246318        1.2940661430481335     
  0.53302909906483420        1.5862234588133148     
  0.26647509943828152        2.8374074546551884     
  0.76201379429561156        1.3604553914382000     
  0.96423990675337212        4.1604422411519612E-002
  0.10372495703192786        2.7104786146885198     
  0.67851964223322603        2.7141987058188435     
  0.92260524773023189        1.8310546360610012     
  0.56053510837197817        1.9091425371663240     
  0.43216181089071593        1.8457767251002215     
  0.57763314315167702        2.0327838212446478E-002
   7.8486216745048076E-002  0.59917426274647534     
  0.99534116977081577        1.3239261677219563     
  0.67736282701131745        2.2171869048120314     
   5.6032984262596952E-002  0.45702145263163840     
  0.90361100202489819       0.98975359563917598     
  0.44464838013481256       0.50982938526537946     
  0.27610328680225604       0.61716153509889382     
  0.99944397108089866        2.7961987809587669     
  0.82502312481481466       0.19268428039898186     
  0.82857709742340468       0.78218061814953510     
  0.86193601500348127        1.2171654426347776     
  0.40811829345762640        2.8394106194433046     
  0.77240120337768359        3.4707126191120480E-003
  0.87364111808119560       0.96187364556391697     
  0.81076453345293675       0.95415327807447670     
  0.64094344180095808       0.73924384207789995     
  0.90612530110066392       0.27213370999397318     
  0.94112718194007272        3.0617535776083011     
  0.75280166420037742        1.8165790190307309     
  0.90322737198225855        2.4793178079972900     
  0.77815256429492052       0.16124946759843165     
  0.20900249119478320       0.19399436791088187     
  0.77887546252845463        1.7938909770472971     
  0.40337475017290791       0.56774384645920961     
  0.28712026295020476        1.9182933055718505     
  0.52488430242786210        2.9441260663046855     
  0.10305057512794769       0.38039047060737280     
  0.74766058874255681        2.2002233498758557     
  0.69074604268023221        1.0323492649625874     
  0.91241272871408585       0.28472779469926696     
  0.99722604928230119        5.9011012452277488E-002
  0.98773454215237144       0.38279272642896162     
  0.46669560165529478        1.7510204650475338     
  0.78418371736378090        2.7068019972484882     
  0.80351511177621837        1.2346170366163385     
  0.78011805271222379        1.3189436171761599     
   9.5085683352790329E-002   2.9075786849255052     
  0.75663182260954942        1.8816697393208590     
  0.22449668642755816        1.0492232525685234     
  0.12662829050946089        2.5613675231479021     
  0.82137616137140979        2.6303488170064093     
  0.73224913068216524        2.2376445005255219     
  0.38144880089902633       0.25015938456799686     
  0.36525929444889726        2.1374940658749266     
  0.52366044658722710       0.61579815204910393     
   1.6463504299832898E-002   1.7822798522829704     
  0.91173079074315200        2.5434735887167603     
  0.83924079259613138        2.6334962579215286     
   8.2361460457872071E-002   3.0279979138976922     
  0.99302797112876295       0.12254152722069624     
  0.44269285718731677       0.52763948667292349     
  0.80907160949096280        4.2386782686083528E-002
  0.79251354696423948        2.1226885567525366     
   5.6271768217262430E-002  0.91355372316089134     
  0.86267935353698955        1.8101256178795573     
  0.81719332350825691        2.0891361962574369     
  0.96950414761915882        2.2760242439712433     
  0.77836855049214415        1.0019950254219936     
  0.58793919029457287       0.32799821903824883     
  0.60846619231734433        1.5390086710086739     
  0.44539437038928531       0.31277699553954225     
  0.80108493351659171        1.0975144888884112     
  0.12604914708324066       0.36162336058309980     
  0.92734779724923111       0.65188508831571079     
  0.58260379246663530        3.0676257376594629     
  0.84631412918459636       0.42134922651757289     
  0.84804586014236283        1.5251995286823217     
  0.19071725966600384        3.0868790606265541     
  0.41735591377446468        1.6573827927831142     
  0.35907204189639741        1.0420086990313175     
  0.46341628674723390        2.1913639940958776     
  0.78565692872277559        1.9605218408570479     
  0.59572962045315780        1.7814661300958485     
  0.99780123611077776        3.0732895546825842     
  0.27375780783939796        2.4853881427360403     
  0.85977116696080758       0.95670766673763619     
  0.89713766984119114        2.5019494838411811     
  0.46530733456702089       0.38894905319653611     
  0.92305505835525847        1.6705528751060965     
  0.66053535084785731        1.0359868032269481     
  0.86596186297717981       0.51644003406099814     
  0.84078966494246743       0.33121511285543281     
  0.23305569127800652        1.1578013471900417     
  0.12704295823997769        2.7343621450387463     
  0.29787743637908837       0.32485188425554445     
  0.87362799980107242        1.7273106711992217     
  0.96104895754395780       0.86490541301006629     
  0.98236819389781005        1.7627707875243552     
  0.23808456947130885        1.9654571484971244     
  0.66277123431155638        1.7524391192958049     
  0.65674770768460022        1.5782192592251032     
  0.65362308839205674        1.6151027236322029     
  0.85566432838870710        2.7340564294154879     
  0.71486463785678556        3.1188381085138777     
  0.25212861082024385       0.28101037762478137     
  0.78849842745433607        2.7091424867603036     
  0.34845968191972332        1.5314138389197662     
  0.19304546627448549       0.44551533571792601     
  0.88195093643276756        2.1211781390908637     
  0.37176462581143799       0.87980440014236116     
  0.36435224433561886        2.1091846521473503     
  0.94974481929699206        1.9218475082720000E-002
  0.96153061595660094        2.5741087421114597     
  0.13725358572567725       0.57014621532324639     
  0.86385094308107135        3.0763466852259191     
  0.64796050096366276        1.5072232725526591     
  0.21870646341508937       0.47232943486761120     
  0.68213681451477481       0.64497831513752335     
  0.61709743689327534        1.9944512915619406     
  0.90625200743602174        1.4934146977434692     
  0.91770277543047263       0.64190375022689927     
  0.90860038450575287        2.0679540579582127     
  0.17239998823797764        2.1163172936516843     
  0.50516713575009198        1.8524543534192723     
  0.15792506283012875        2.0354622872346897     
   5.4789753792100493E-002   1.2221717198592355     
  0.44506325185974238       0.58219072933164984     
  0.46209831460747042        2.0647605781738521     
  0.75333939172348763        1.7066273458171943     
  0.79517964705153721       0.64039896910875238     
  0.78333542769809039        1.5258114485123706     
  0.33977326207550174        3.0136532414838504     
  0.30506520854497099       0.88514921841861927     
  0.94375278773357307       0.66906669788936857     
  0.97825796107373231        2.9329522080740635     
  0.36462898015717293        2.4024408062614144     
  0.65845267150112807        1.5850416631197535     
  0.91046087560261291        2.8013980484366239     
  0.43323887614133627        2.9184049705477815     
  0.42104105426862171       0.75566567331279255     
   9.4771793702923768E-002  0.16867182708997808     
  0.74548621759125999        1.1298739777800091     
  0.98281499249404303        2.1772296664774968     
  0.76155741579068814        1.0819947223994313     
  0.95256386220815437        1.9563613760225835     
  0.41310632687754434        1.0432939002267745     
  0.80003669017864754        3.0008127424661390     
  0.88208611514284818        3.0526026911782798     
  0.73612313220411840        8.3824055319222490E-002
  0.67816857830222388        2.8176839536686948     
  0.89739238461597293        1.3190408107983147     
  0.67949180758504046       0.60339943665492690     
  0.76528241286637688        2.1129566028236706     
  0.95580356840284175        1.6598231276650210     
  0.65302914939265833        1.1548764698064267     
  0.91506255968193917        3.1345263347034491     
  0.19271460403539209        1.2781874960453492     
  0.78770775537029891       0.65296240722274623     
  0.60625595012246769        2.2156082200980594     
  0.71968424397880648        2.4402492308753492     
  0.77982634509958415       0.78579701548935410     
  0.87702462220889410        1.9177368827331618     
  0.96021986854101071        7.0530021865458759E-002
  0.88450512077665089        2.0155904811752090     
  0.41836555785117735        2.4130454194831157     
  0.32554876161190838        3.0134693449738870     
  0.85595024278685095        2.2378272782128947     
  0.48751829659989243       0.37526543537715984     
  0.89824352717114886        2.6911757556013582     
  0.95114133620628405        3.0899278641630934     
  0.83232678115036685        1.9670347458707096     
  0.32595489683697387        3.3310051597494741E-002
  0.84683304685997041        2.3801556052523916     
  0.63607932865769379       0.48127426196426321     
  0.94311591195313715        1.5479262425038891     
  0.98365026033380976        2.8188779071565486     
  0.49726706301021317        2.0190422245397781     
  0.83478473505569295        3.1367106253713883     
  0.91146809272946405        3.0698376538950174     
  0.89891760450156910       0.84410192769873416     
  0.77736347887676849        2.4113446739092739     
  0.14749386795034003       0.77182581299003294     
  0.37304218908983566        2.9495563764282831     
  0.11687987474969663        1.0821571033965511     
  0.81911357279462016        2.9676501463539693     
  0.60970984568453557       0.93107537793798123     
  0.25775284486491212       0.67787274250079177     
  0.61277264299009282       0.60831680335567684     
  0.27361529084178249        2.0665571577384561     
  0.83350948331531405        1.4634635694731757     
  0.90144900330276367        1.1631924706127190     
  0.70639337035411898       0.15035489963389573     
  0.71826206206543242        1.6552645423822323     
  0.53808146912113397        1.2697866477877577     
  0.17450321200269825        2.4084321748072925     
  0.43466230799771188       0.55845653411411578     
  0.59492129549259665        1.2583023266467870     
  0.82873963576535181        2.2645545398507463     
   6.1975796827861807E-002   1.2058708890148788     
  0.80266258257063106       0.67332900816478147     
  0.28982854324522567        1.9503533323128304     
  0.76618807981179082       0.72302640023476250     
  0.89611194219849044        1.4173488656171274     
  0.20856609626536016        1.5388419640820219     
  0.21162951458079715        2.7618546175866800     
  0.73952531138803168        2.9216733544948195     
  0.91250878556909587        1.0776169920606180     
   4.1659334141922577E-002   1.9134460067619554     
  0.89393697737659839        1.3266375946670392     
   7.1072819471270199E-002  0.64188839629620387     
  0.81373159355059732        2.0989020086816721     
  0.99905752281572269        1.5776678208331634     
  0.95239469362645557        2.3109838505009872     
   2.6631481122164957E-002   1.0202663140411155     
  0.91202133769041804       0.63627633214209978     
  0.90833919670970498        2.8740781720017106     
  0.92461351521391266        5.6957172454424110E-002
  0.25949445716064379       0.32702520613533859     
  0.86820253720346308        1.4031468676966588     
  0.52525465448495579        2.7082426975490121     
  0.81473860310883928        2.4748617797272101     
  0.63914327926086423        1.5263145367968152     
  0.76530994587295276        2.7300110699078215     
  0.94144038481310965        3.1373684143206093     
  0.94836472108824799        1.3821793974978336     
  0.74910777067331891        1.1719921243592191     
  0.64647493235257358       0.97503160750954765     
  0.93966784213206178        3.1271291146074622     
  0.29385513668828334        1.6061074380435962     
  0.58629897595542535       0.59472842380779678     
  0.65935501627333626       0.40056681793918769     
   6.9302974748811641E-002  0.95175495599455240     
   1.8338301823903613E-002   1.1765631538035826     
  0.89815623065185768       0.80364638811027511     
   2.5152435156236774E-002  0.84330917674918404     
  0.37550080804213781        2.8033717767079822     
  0.45212291569710772        1.1845102204691675     
  0.77244575799785609       0.84683017239621838     
  0.99783687538566723        2.7767778591967698     
  0.95278669048117148       0.43942479100420345     
  0.42794347224727680        2.3008107198714445     
  0.74927988421433800        3.1058370332355714     
  0.85413401085136353        1.0307885202543443     
  0.83746733869876611        1.2978046571824193     
  0.89537142842713735        1.3956227220094199     
  0.89321271771173461        2.9542166202574083     
  0.89796932121971729       0.12091465083711057     
  0.85138130205917095       0.97993099664698269     
  0.52110173970855511       0.81256694472823510     
  0.21531564508436685        1.2252182371557394     
  0.39162309157589481        1.1046718601652055     
  0.15679705036895919        2.0258931224601988     
  0.74825513200686711        2.8335838980821424     
  0.48154639884858996       0.41688013032356291     
   3.1915577391284478E-002  0.92886268272776085     
  0.60158852827502962        1.2844955991699589     
  0.89459167110370508        1.7053634835215523     
  0.83282776673842784        2.5999670165198965     
  0.65186046266661890        3.1404294087492808     
  0.66583254448278228        1.2176550855949573     
  0.17798096410782327        2.6634205141513863     
  0.46811754730429100        1.0827531337417191     
  0.71719905324820510        2.0797785369596000     
  0.19868487883007058        1.7743007640228099     
  0.32073013571142162       0.87892518730448843     
  0.73306977426419107       0.46802606750925663     
  0.77945963977556276       0.61771227651676508     
  0.68506885759194669        1.7709230450319007     
  0.30944761960427380        2.8953620138438367     
  0.30223653893300917        1.3525749344301192     
  0.75083367132235024        3.0710083946336688     
  0.84577290532282090        2.3284333839233677     
  0.93412950380056226       0.55229083264434398     
  0.94912214944797790        2.3147143888162636     
  0.85476344363773593        1.0041758930225737     
  0.85905050349465717        2.0113393003115423     
   4.4682414654886315E-003  0.78991225586302294     
  0.15047891994406315       0.44318734032015494     
  0.83150998123620767       0.62574981685341458     
  0.87068987523590269        2.4774719142593913     
  0.67817992797043192        2.3035980835392875     
  0.38551805558360119        2.4877975177321643     
  0.78045731771528559        2.9313456191739493     
  0.42541685932952966        1.9690742257111522     
  0.46763343077219721        2.8984967435819531     
  0.83058595441115357        1.8748301731198598     
  0.95299300259594011       0.83590172595480583     
  0.36258877936568401        2.9230577593820728     
  0.28032167199382840        2.2546835080969290     
  0.95797770341923272        1.9291354822270168     
  0.65909861423033989        1.1006177095489227     
  0.95371238626763477        2.0542718351049674     
  0.61852496557634218        1.5582166113185414     
  0.55864819750533357        1.8430833338187016     
  0.83638037944702481        2.0910318895932760     
  0.92355705616656636        2.3775002036156399     
  0.89647898970672857       0.83783257240235098     
  0.55920169292036770       0.65070657729299619     
  0.88602280971216074        1.6918665477694985     
  0.24157502318787782       0.95383041187996920     
  0.95549430421318393        2.4589714760033581     
  0.46228462254963554       0.58242955464148305     
  0.25539565685923526        1.2586182002852662     
  0.78038692679986510        3.0630604785461140     
  0.87216400655817228        1.3336271920429819     
  0.92055809189364479        3.0336785194183804     
  0.10604595095738356        1.3480747225438170     
  0.88455679997893510        1.6909069325359789     
   6.9887908087275852E-002   7.2597502872384409E-002
  0.94895094545762393        1.1456596590184625     
  0.94796643060921260       0.90320264677712570     
  0.90300390945822717        2.6804606118631020     
  0.94987932570649047       0.61547288498988295     
  0.90711847510471144       0.41329900920989576     
  0.59799601513227796        1.1379374695783724     
  0.78752669796066210        2.8073881248720362E-002
  0.52763190283225125        1.9554658795527657     
  0.74549576215730484        2.4722909967223350     
  0.80257246468526222        2.1798232760138019     
  0.89498363841697304       0.93538155033688830     
  0.90397868980524887        2.3397960691680235     
  0.93875489573324744       0.72083716702985645     
  0.99680866215866626       0.41998388019170468     
  0.91448994206825363        2.2492657562854070     
  0.92133312230711262        1.5775198829269390     
  0.64196064553615806       0.85186683922726225     
  0.11114659038076546       0.86452664717477057     
   8.4984475059868503E-002   2.4828099371599874     
  0.89876387736004604        2.6848172379493587     
  0.16872953997837259        2.0026624907246067     
  0.43663752879220763        2.8523768619989176     
  0.83804025173336094        1.8603166376953444     
  0.90267304867547993       0.10354168718319227     
  0.97609768086921311       0.59187733327196468     
  0.64636241544981676       0.84641807291513815     
  0.81736708338849706        2.3766035204051099     
  0.85187821516812656       0.86907104989943951     
  0.86924972701853787        1.6425225465608977     
  0.93838540645338797        1.8887209071122422     
  0.25935105788450685        1.6468515623910609     
  0.41560544365626761       0.51756238557822432     
  0.17180899364300029        2.8697344251936250     
  0.14715882239623146        2.7219401829566263     
  0.79302051315824473        1.9688216123158415     
  0.47647429675818254       0.39672769839527267     
  0.95999157545933844       0.46632093045721357     
  0.80544910787936563        1.2232073349916717     
  0.72635852877072427        1.5815327842310338     
   3.3414741240848311E-002   2.7632860584747148     
  0.79697461817018578       0.55954831388985238     
  0.10640033290257378        2.1139957736089734     
  0.18257503116809937        1.5284264181750831     
  0.72559294783370998        1.3694266427869883     
  0.89958213473518855        1.3858877526179993     
  0.39585972659554658       0.29569558704345905     
  0.92687199425335287        6.6777475320881005E-002
   2.3526371167836291E-002   1.5150766005776353     
  0.79731486662567397        2.4834902178859264     
  0.37553425527188133        1.8421020193915432     
  0.10322748451681829        2.8853671150681035     
  0.85844073594931791       0.64254447745808352     
  0.75046716598399199        1.8316357341654761     
  0.68754772031347156        1.2891716038131475     
  0.98130156200003771        2.0732293627492595     
  0.77373712200594980        1.4579966720127622     
  0.73807014309790797        1.2927037620805442     
  0.39441258140091418        3.0067895406419036     
  0.78524832907327913        2.1943874586213887     
   4.6589575558328766E-002   2.0190430254111904     
  0.98364796557385104        1.5006021690342988     
  0.82090126268699193       0.95512276717641142     
  0.53544069681529738       0.66404918778815814     
  0.87266782649286756        3.0950130914906668     
  0.25791623052135093        2.8628825577219454     
  0.89724794099349070        1.0841877866871077     
  0.21984942613806524        2.9959189714053842     
  0.93772488863209835       0.64582621190341072     
  0.54065030650082901        2.1531735171176987     
  0.71892530710476898       0.55324148332971324     
  0.32040263620952691        2.1174321625564687     
   7.2810224871720397E-002   2.4803343530853881     
   3.6949791240636909E-003   2.0438127295669370     
  0.59091431116606108       0.86225097232920056     
  0.58404593159508700       0.53911376536600175     
  0.89124815048347672       0.93805872889432573     
  0.37266149627815970        1.1177926823810742     
  0.86050365671810636        2.8628223100228571     
  0.92449746183441373        2.7245727091421155     
  0.56310937698491681        1.9031805543442466     
   7.6140538480183761E-002   1.4588748952864579     
   5.0631163898435805E-003  0.48247043105737281     
  0.84039319626063513       0.52091632066060556     
  0.91208765516487966        2.9071715168458967     
  0.68519623567126264        3.7082048039300375E-002
  0.20514937561193580        4.2480249487101031E-002
  0.93480114366135347        2.1828468794796705     
   7.3727154738325584E-002  0.82377919543762512     
  0.23207437839076062        1.1401799252578948     
  0.31117887595736515        1.1033448182291088     
  0.62615828784344008        1.9876281761691266     
  0.10678911027240001       0.71001042481368959     
  0.18795717603523210        1.1073708941227203     
  0.91672451810187960       0.33822830328748221     
  0.19232186346144953        3.1177031392150667     
  0.67889116866982335        1.3446805428780984     
  0.17587846823976838        2.3148323214733209     
  0.77366052218253611        1.1943327077562675     
  0.69343056038474093        2.3418558178735873     
  0.77386574171873090        2.1415561511644037     
  0.69359836919900619       0.90910750998774703     
  0.85692237965969731        1.5223425324436730     
  0.72167235193695056        2.0312598944880187     
   9.6075670393183876E-002   1.7662936134616660     
  0.81787733277533281        2.5721355411417206     
  0.56661334298017729       0.55225776484980693     
  0.80255405598199681        2.8822326313636388     
  0.86451133444424777        1.9554934412037916     
  0.85913420649463790        1.6534813867747453     
  0.33316052021627640        1.7618228915892677     
  0.85430323382457618        2.2623021998150850     
  0.94768162587716709        2.5948225584812188     
  0.30308555402744752       0.78298303633969779     
  0.61740444324369315        1.8302990872671849     
  0.56065968082392637        3.0697257214810425     
  0.57128430829883625        1.0769035734780539     
  0.70074755260427890        1.2549146457189577     
  0.83746245463381219        1.8023597684079367     
  0.93067004615110116       0.16499522259875968     
  0.95128776629768697        2.8065678688794145     
   3.2799355312639000E-002  0.52172908921663330     
  0.74922774601147990        1.5749859844055933     
  0.38642290499701992       0.50843749472871869     
  0.72980249336538305       0.69565388397289418     
  0.28514602270130440        1.4844710852163363     
  0.38566972198282257        2.1019682686404497     
  0.97546557200355832        2.5305280092586004     
  0.87378965725875646        2.1471920970621263     
  0.78534851973725917        9.8793844981028304E-004
  0.69354878500304651        1.5722426773519920     
  0.88226721944934705        2.0300178651167742     
  0.30064027799553017        1.0205586162566100     
  0.45011808135147791        2.4519908884698811     
  0.59204908514477605        2.3637697903162063     
  0.90571639361703005        1.4307213555657843     
  0.89504661130756780        2.3147747376472805     
  0.92568657420284572        3.0708705165115986     
  0.71652076486520566        1.8501047780036664     
  0.88693056624282895       0.65184236156174713     
  0.98152069590602042        2.9758937684426225     
  0.90295491656721427        1.7295181258608954     
  0.97642477754219059       0.35375510313641978     
  0.90022398100621337        1.8150899983898279     
  0.52714909257815568       0.33203428593376361     
  0.58860777366522965       0.14233533520629019     
  0.52144182706910869        2.2565306277853514     
   7.5353538973609302E-003  0.61239064420384604     
  0.12837184844511784       0.72200329063806024     
  0.77056876011448905        3.8850551647348040E-002
  0.81051963735565291        2.4602130087900149     
   3.4168492960404695E-003  0.66908497746514661     
  0.51112746135677112       0.36754462708603364     
  0.40465403432307245       0.98237789900322725     
  0.95696189806200105        1.3264568068718696     
  0.42350498720976881        2.8240325025851472     
  0.56658629246251924        2.7967779439668776     
  0.76165595078372872        2.4321366720632684     
  0.61960403951428400        1.5378463903283648     
  0.95460662111771877       0.41246587562941328     
  0.97433171659392548        2.2037243807648070     
  0.62740863797549118        2.0663952177133220     
  0.99279966164533839       0.56269068450183568     
  0.99423754116564045        1.2039325132824035     
  0.82391634237446509        2.0362950173175616     
  0.31835524868206577        3.0849398636654843     
  0.94720784868743446        1.2861074068500939     
  0.34464065137590971        1.0905137184746414     
  0.34040278532154900        2.6815117580883459     
  0.78653574249556435        2.0705060738456158     
  0.58571010236144383       0.20809577143125654     
  0.58524019268651528        2.1749479463973147     
  0.73212347078072548       0.30701753176646890     
  0.57117390622637576       0.69716346453495159     
  0.81609324785158888        3.1036454632670432     
  0.48891993148224888        2.5165505287499506     
  0.46270989822174924        2.0572005121166934     
   3.6531839445057557E-003  0.57693197675736174     
  0.69394948582340643       0.19309105895099621     
  0.29526184908016206        1.7159039943319003     
  0.84835717995469773       0.24026231515597446     
  0.19808868146347347        2.2062662999597396     
  0.74138879552612991        1.1237567885446325     
  0.98591522295534340       0.48203680861414633     
  0.97020887174955828       0.19622200787910740     
  0.96704517785989474       0.96748485787805882     
  0.90928110876061119       0.11943878969813232     
  0.23581664299519822        1.5405887091227055     
  0.91637546401256242        1.2033489595861533     
  0.84988544309848868       0.41570777397059039     
  0.32879826244565091        2.4349671627958598     
  0.42534563335398556        1.5129691891014481     
  0.53631925275063308        1.2974642877276281     
  0.78552954954496490       0.46257613980539852     
  0.20214532367908711        2.1488516635359685     
  0.79940847140925053        1.6224628624221427     
  0.80167111469767083       0.77686681093080556     
  0.55764937453532015       0.71891102406587981     
  0.90537083291081100        1.6867908354228056     
  0.22258412306785724        3.0942816138236355     
  0.20016313831513022        2.4246408231568988     
  0.81281752499471494        2.9842757905652189     
  0.64673643083048726       0.46990053987823283     
  0.65807438855472478        2.2007371635004955     
  0.40962471640918729        2.4449993281664519     
  0.91076784506889175        1.4384495996034796     
  0.97543193114833970        2.0225804857220386     
  0.82681114667330946        6.5648440328303581E-002
  0.84943271412797550        1.0587161989744078     
  0.61134185031412869        2.6693840841624370     
   5.9667844858688257E-002   2.5489531770686820     
  0.97364226423443934        2.6045584221133802     
  0.13554357085400115       0.81512686867405437     
  0.93238235865097208        1.3108528352728968     
  0.92172481394099914       0.38215791804622656     
  0.62455042488821644       0.55528358111582521     
  0.72751849273962099        2.5959970217938562     
  0.86701460826964671       0.23101651959666461     
  0.96543217066017684        1.3556143460167942     
  0.48462945034845351        2.8263201344071862     
  0.97954385310684000        1.1319675023121960     
  0.14036872995871430        2.7537858447025458     
  0.98469555030784661        2.4517000300163807     
  0.35271676588646705        1.5250220687821157     
  0.83576537010383956        2.6214850278316790     
  0.18951424295474839        3.0601817290917914     
  0.34572918664315988        2.5611382213209835     
  0.93920089294346631       0.87529469445928343     
  0.75541005681734896       0.98287561600607087     
  0.79715271938764665        3.0694173140091405     
  0.92256921448588425        3.0634852734065894     
  0.67469041373479222        1.7290157357632721     
  0.97751149411834759        1.9216515831873515     
  0.99668546927158075        1.8340367170325276     
  0.51086867896638100        1.0606417399446111     
  0.43812995744704808        3.0321753001967302     
  0.28051351682581416       0.30901358768322285     
  0.75027845278032379        1.2678203440271194     
  0.64141200283896604        2.5088605923153167     
  0.81577046185001689        2.2331810624234021     
  0.72822088844164057        1.4204339008525015     
  0.94075715267022830        2.2406984578757312     
  0.20974582495925886        2.1540586476491956     
  0.65479312913265586       0.47568697946096350     
  0.97035310932043861        2.3381311605080111     
  0.30763422740726654       0.89377382014849294     
  0.80101483712358890        2.6284485830019144     
  0.96592913162616334       0.18026210033211154     
  0.87306537919896454       0.18013450734170369     
  0.50543968736447542        1.5191630763630577     
  0.77345332633260133       0.77888769150276682     
  0.45891600808628408        1.5595603910481410     
  0.72665143721001257       0.88993284452963517     
  0.94024646513727161       0.20458799585546539     
   4.2148638080050316E-002  0.50255551177357027     
  0.88935346920506531        1.5104712351019483     
  0.48033228385917404        2.2883318515620301     
  0.83495536127802172        3.0522022072504353     
  0.89316474897104503        2.3505197020075044     
  0.83857006636134312        2.5761607331423795     
  0.39726322405066450        1.8855040986662355     
  0.95450556749180793        2.3333322443826479     
  0.25198130014947584        2.9225091811278778     
  0.78758482194503998       0.27273739527109869     
  0.76907504985299113        1.9923459087756787     
  0.74090121941866727        1.9213538948452842     
  0.75878655327534084        2.0814955561236954     
  0.20930602240270102       0.23711602521925082     
  0.46624947995395027       0.84401260910117770     
  0.36519127512152694        2.8434270527223116     
  0.83010678239310698       0.58038768656500073     
  0.75906257235687180        2.6278495184144535     
  0.78473471200265343        4.0861679250647889E-002
  0.81254739834637624        2.6203267023189292     
  0.96398468350947231       0.23183463770740781     
  0.87754600268232086        2.2844470274423134     
  0.88961097639982256        1.3582032946329110     
  0.72344308564001736        2.4641961211951444     
  0.94900248891023153        2.2592223168461181     
  0.78555089370461273        2.8654721873109743     
  0.50355968648356286        3.1445883855248997E-002
  0.74554447089424447        2.9002022901672295     
   1.6611715042163411E-002  0.87548117003937420     
  0.90430494658781480        2.7628175259625154     
  0.99555880877098890        2.6811671602651517     
  0.86334977092893894        1.0021896694310202     
  0.29086517637868259       0.46319587244858090     
  0.70034951820624058        2.8726382414231302     
  0.32065674465110916        3.0400623232696100     
  0.52163170122773439       0.58774993790809904     
  0.17322410146262834       0.17770020663049760     
  0.78490518499475448        2.5635264381702583     
  0.79274717694615338        1.5147557768162097     
  0.82241030098422852        1.8639112212677802     
  0.85622897901720552        3.0665906515393355     
  0.58763870449236344       0.19022255315348285     
  0.85815434618423214       0.85263737201504497     
  0.64994242005927538       0.80626346291083373     
  0.94829280169126251       0.30269900430516372     
  0.94057602172597432        2.3074326071332143     
  0.25165896009641719        1.9474068911096027     
  0.72246835151934941        1.3489021720952039     
   1.1909406988929061E-002   2.6589647549832454     
  0.50407262411344667        1.3679381181841412     
  0.35813819225975774       0.47661779604028964     
   8.3219121316661315E-002   3.0421440827482815     
  0.85348932826267021        1.1192059282175717     
  0.48151798542872193        2.7266945017690043     
  0.45537786512718847        2.7539714444711567     
  0.35017850650455074        2.3659273845410378     
   1.6405746532364485E-002   1.3911603841231959     
  0.64090443107773032        1.7275369923615931     
  0.95326242305579778        2.0913711136313413     
  0.74864441254871206        1.1969700478505760     
  0.63256054781884907       0.27603174521847340     
  0.76540419082373456        2.2063140461702901     
  0.20716175551304383       0.19977861889178164     
  0.87007461392608609        1.3248733310126615     
  0.81619984912145904       0.21424553544148184     
  0.16496009284558721        2.2878054192766419     
  0.77531850594623442        7.4110581610480383E-002
  0.77754828576994617        2.8690510032302825     
  0.23089622958922840        2.0877737305040922     
  0.44806559096558585       0.45750056543724266     
  0.74701433551532948        1.6209246741479779     
  0.99858941472813056        1.1423571717581531     
  0.60632189493315358        1.0189209948340774     
  0.14147245348769777       0.23345523226223222     
  0.82356874398680657       0.96897280529825680     
  0.84585020486131857        2.7066342210247734     
  0.35129259024461601       0.79532572851485850     
   3.0135063541118168E-002   1.1330185083720801     
  0.86177675793455932       0.35738080302247888     
  0.73293277370778664       0.90045513374462949     
  0.73889681003330165        6.6469053838282804E-002
  0.14610027704941986        2.8827754187032029     
  0.74544204745415421       0.36932408128621247     
  0.96957825205678183       0.34873432253342318     
  0.97020932866820975        1.8616085695633149     
  0.24933440567665066       0.17157056896576836     
  0.86222034675039261        2.1873828003579412     
  0.10414435047236947       0.18564143812739917     
  0.87206495177202570        1.8132018163898949     
  0.23340706243753351        2.0023821275718654     
  0.59368593936571590        2.5147065712340790     
  0.75591940978142658        1.3114770544538610     
  0.98657539313790821        2.9623260012287442     
  0.79841330187063075        1.2977051040959542     
  0.94295295937371815       0.17556161790979094     
  0.64279251117521907        6.8638187187616995E-002
   2.1777924398656112E-002   1.7784342665461379     
  0.81647333380278986       0.17118517856698309     
  0.31912256990238697        1.2503924287106973     
  0.18436954909107517        2.3937920283137588     
  0.90555311947953510        3.0115297795409943     
  0.83445222982814504        1.9064589366344062     
  0.16059669663822118        2.6119514028765001     
  0.78404240192426644        2.9825869880424856     
  0.69148551339898678       0.38793892614511438     
  0.82222749828318886       0.47191165467498081     
  0.75149222420198181        2.2545874851682406     
  0.71739165040047881        2.2083369261727546     
  0.84937316411465957       0.33197788910515236     
  0.75776529768157763        2.4218146385031969     
  0.89750954670427041       0.73913252089927040     
  0.16573387333871548        1.2469385624092626     
  0.27542365738214492       0.23141142451838032     
  0.96342298415374905        1.0549911900619622     
  0.38939042667406698       0.77774537917561437     
  0.97909544116366309        1.6928870268363747     
  0.77591244560628037        2.2664065256954111     
  0.50821165916582411        2.7448574407553119     
  0.76740262292295935        2.7303650384192597     
  0.87012713293324440       0.31742917310347102     
  0.99893921094843896        2.7529687370345175     
  0.84067091575388075        2.3458377679893956     
  0.95225600530842480        1.4270388505817893     
  0.59367290796010985        2.6647238219680434     
  0.56914738517971719        1.8650313110942807     
  0.95698051220702940        2.3672355634761861     
  0.89526979570850784        2.0461618450547512     
  0.25541194286571389        1.5358472744632465     
  0.75034034622900192        1.2662611530767343     
  0.67272258082186354       0.61188126337068105     
  0.75474962200642037        8.2356574631161680E-002
  0.12994816303222212        2.5637176844426008     
  0.76695696246664324        2.5472170458683316     
  0.48551477405921051        2.7067013886481281     
  0.64659582188490627        2.5378260810107935     
  0.71239820402701648        1.1049118837380010     
  0.74086501836816487        2.3496323860409896     
  0.65617228564019892        1.4664412355384815     
  0.99370141733322381       0.31651954150588202     
  0.54038721206357443       0.94451600483025655     
  0.86668498839969166       0.66675941810443817     
  0.84204952464595140        2.8600224084679891     
  0.38263930872546581        2.8302260339805558     
  0.93467568214759333        2.4731826892481861     
   7.4621575375160010E-003   2.8509284740263201     
  0.40957318474053328       0.72603607651532542     
  0.87533845724975623        2.4566393414693661     
  0.89842124324842987        3.0612700136799984     
  0.55442322761988605        1.7902552524742319     
  0.92879187913464800        2.8062457402166059     
  0.79328729634054762        2.7981242382253364     
   5.3682739416896053E-002   2.4607637744511170     
  0.15021611988707828        3.0720292991633147     
  0.56641760085974480        1.4896721363378562     
  0.14438314600839353       0.97756875168437152     
  0.95788243074977153        1.1773826931963864     
  0.81777571131773763       0.57979732226228620     
  0.79292948218721881        2.9913996970510963     
  0.94739406077645083        2.3115972166098668     
  0.90484777493395541       0.83617642536693704     
  0.26625854560662532        2.3821719249032753     
  0.94161608273297148        1.6364465101203405     
   7.6188305789844479E-002  0.54697039163106120     
  0.93482749920866992        1.0031966556946754     
  0.81554028470391515        1.3487071830677404     
  0.60442580247176836        1.1119620555696901     
  0.32037163820409753        2.1969147602508290     
  0.35061699560262827        1.0089342461194639     
  0.99734192323055548        2.1591985140221435     
  0.93825952754326736        1.7721436171379463     
  0.96711805943577078       0.90491608511951138     
  0.58884104174389629        1.7266132659216835     
  0.62848245030432326        1.5032189570119190     
  0.69581778170756514       0.20584131816324452     
  0.87250816717391133       0.16162185709530955     
  0.82544147074428942        1.1376302200658991E-002
  0.61346341462241627        1.7487402362161828     
  0.96538681296700535        1.3947198668044176     
  0.79084933456073114       0.78361213002375762     
  0.74110546216355866       0.93555071033834813     
  0.83905489147000800       0.84756872528430727     
  0.92564993541071960        2.7704271747015787     
  0.66130235527165415        2.1902134106914635     
  0.84383924883743666       0.17531009562677091     
  0.68617832905689602        5.5973550283430741E-002
   9.1913754574390660E-002   1.2947959427721099     
  0.32744006386830471        1.6531057334467170     
  0.50670514484142470        1.5713403922947735     
  0.93575007524717480       0.12163197739312634     
  0.67895094546096613       0.58412346020804695     
  0.15664572093653650        1.9409585787824293     
  0.74949232356682127        1.3735261628528452     
   2.2246997484098086E-002   2.9461098588165933     
  0.21626260839748346       0.89044636430106860     
  0.82755723963913563        2.3661403544379302     
  0.33866781189014850        2.7171571102009904     
  0.85339578012421502        2.5600553831299480     
   2.0994850628677342E-002  0.72500197966177138     
  0.93842515591499187       0.86746276395513999     
  0.64665534771394273        2.1170485095431300     
  0.28555930572373334       0.14222651765229893     
  0.53709359304931381        2.0644568675297155     
  0.85041336662721612        2.7586249133515839     
  0.18327130416492110        1.5126691218308397     
  0.11946764806473176        2.0522364132488096     
  0.15024353745099706        1.3700152614962644     
  0.29486175448930241       0.97895713772166715     
  0.21605703734907566       0.22757070965825388     
  0.81953739109688550        1.2560458034595769     
   2.4338592880311039E-002   3.0669122812767756E-002
  0.97291179547198159       0.24401575489116503     
  0.90459604833246721        2.8478251918026478     
  0.21175175076693742        1.6625300934400837     
  0.65136152689976434        1.5766553208487630     
  0.98989154791654344        2.3856861501645219     
  0.60955126552978789        1.8096052992668299     
  0.91924206834939737        2.1820499236423809     
  0.84063764360964277        2.9763982639391018     
  0.91278111407894535       0.73759218238086077     
  0.75481436413507697        1.4324338154643379     
  0.58352566751843848        1.0422235822379609     
  0.89500367617148369        2.6262614603859822     
  0.92063966234491534       0.45856480504852665     
  0.87524454157448939       0.38261706072319518     
   5.8886459305749428E-002   1.4044079633106958     
  0.95009869045622630        1.0936111706104221     
  0.95003077514606371        1.7728195160999813     
  0.89763844464567455       0.79182310565574032     
  0.67112245938541470       0.13478728376977242     
  0.71646516110211356        2.1496161198174946     
  0.51352718909880080       0.38719441463095511     
  0.71335151609798275       0.99286581293049003     
  0.83391786242493482        1.3310163782409452     
  0.17246786917925894        3.0304053991606050     
   3.9354140442686703E-002  0.14010299000883777     
  0.36049456473130437       0.68945580522917405     
  0.98158497695034419        1.7223399153944470     
   7.3085775454329038E-003   2.6423680284729962     
  0.49432618148068574        1.1079109107551688     
  0.92794418215789021        2.9839011929883319     
  0.51557759661878311        2.8642206704554281     
  0.44354559893904077        8.1753096738469058E-003
  0.65583497193146689        2.3177924000820291     
  0.53686021196733369        2.1418043501739459     
  0.84032366106079981       0.21266823464156848     
  0.95810346180184813        2.2682816818316414     
  0.98953417535665877        1.0998882616555417     
  0.93814522308133985        2.6475597182448039     
  0.78955018501131125       0.32671107393140786     
  0.50122090004549513        2.2051308542078303     
  0.40465932174323394       0.11690621729338321     
  0.98860101514694743        2.1124823175153478     
  0.67915418796063143        1.6472784104321292     
  0.87673213961910823       0.44030567382137914     
  0.19353580210411869        2.0417863463901593     
  0.78977787442658309       0.23795847766977385     
  0.96300828270651062       0.65953437105980761     
  0.66762218050952504       0.11639447631131032     
  0.53752820436405135       0.28328995245269106     
  0.84588976243506719       0.67871178197057025     
  0.63593500392183844        1.4034072760034446     
  0.96039359180893780        2.4588200007592134     
  0.96349760403279883        1.0834989519958953     
  0.92763061115585166        3.0787222416101661     
  0.87544354997330498        1.9070423170087594     
  0.26542447109399336       0.60115707519212103     
  0.70578139060935186        1.7431313760049034     
  0.61260162978019239        1.2168014367194275     
  0.72396630746344848        3.0407573115882851     
  0.35420290579405023        2.9375003000468869     
  0.70967633190853896       0.46964733896209448     
  0.74631648383386529        2.0000603600732463     
  0.70803980837268476        2.6317757416157996     
   5.1945309753472779E-003   3.0251148488518709     
  0.78134673186967107        2.1842123712069323     
  0.60574063040781267        2.3927089192969357     
  0.96832234209911050       0.45442248233195576     
   3.1158509062757189E-002   1.8814795228419841     
  0.14851185972174197        1.6275550120649480     
  0.25667927631468002        1.9678148941160742     
  0.38368983597180517        3.1234648735871557     
  0.63344872047193923       0.70727913336169324     
  0.92326595341597228        1.7549386834632195     
  0.91040435869792646        2.9178517878119843     
  0.31439461219005049        1.6236334664209804     
  0.87319240002839482        1.2918947019946874     
  0.22308716831866005        1.1657835912367492E-002
  0.56505970252667148        2.8839083120323474     
  0.74279156507627686       0.17709600618302715     
  0.81909239695540981        1.5069889586713980     
  0.94109682748694812        1.9660344216488614     
  0.35097094420321384        1.6305139413265055     
  0.70781839912183875        1.1278091553905296     
  0.82107174509424119       0.63336120942561858     
  0.96995922917274779        1.4497913985308775     
  0.11438455290036587        1.4934106572407539     
  0.86467271909176124        1.8348313685561135     
  0.22314959089890529       0.26712363193092586     
  0.52305066345557749        2.4858238900672869     
  0.19040414102372949        8.8217014746647088E-002
  0.93101979692511783       0.96314971532479809     
  0.66986158560135023       0.44110742237839640     
  0.89488582577424314        1.9964693350765796     
   5.9906948319468523E-002  0.84731070417759513     
  0.94943232252630028       0.94332921883464516     
  0.14707068289859537       0.48296254106963810     
  0.53410896806181873       0.12865019362918514     
  0.86247236946813255        1.9024356430001748     
  0.26474924349574414        2.8928504889101436     
  0.44851874260494917        2.6943944701392848     
  0.86378262286753982        1.0933262960411805     
  0.12694873903170523       0.87954079889173797     
  0.53462857000060215        2.7876389880006784     
   6.0931802581746353E-002   1.6174089717193012     
  0.30260546464920635       0.69382016921440559     
  0.17611018065933737       0.56335182013485730     
  0.38016094362204167       0.98759122424074874     
  0.51008738825871247       0.81762745610051057     
  0.98490467675275539        2.8367390938142005     
  0.21212141138363194       0.23858927355606496     
  0.88773921003437661        1.2568036491349406     
  0.88493426923887175        1.2858983654778484     
  0.61131259626675161       0.19406517269584664     
  0.88089773350034839        1.7312305932473766     
  0.64788634962098945       0.44180859949065543     
  0.87563756787425551        1.3258280880387845     
  0.61326730032763455       0.20834347294634659     
  0.90656899435974525        9.1095569640528853E-002
  0.23723364116803414        2.6336838425822431     
  0.75893830694625075        2.8136854499728408     
  0.91705339610859715       0.17284864204445821     
  0.10798581335624002        2.6259238671820078     
  0.96386207298858451        2.6811159124224573     
  0.80133648196370499       0.94307969378567214     
  0.66997747668249874       0.49467489580591961     
  0.98172288871322899        1.8581542217911677     
  0.32947854657794884        1.6389752225736622     
  0.93934750180589499        1.4616312901857589     
  0.98984504612579860       0.11952088378027557     
  0.92965067743230290        2.9452055738180873     
  0.54937726733051029        1.9852096534529058     
  0.81945726731847235        4.3841771505056103E-002
  0.62554096430079198        1.7114658493074708     
  0.80949554739263185       0.83628116428537336     
  0.88289422817953178       0.58811599805228332     
  0.66027107618976788       0.57615785197293590     
  0.98781058083537820       0.66341161782424019     
  0.62168648264281812        2.3106948665877378     
  0.84827161862580169        2.4880927306808296     
  0.12085793471398842        2.3179670210386729     
  0.79672064444263491        1.9004884290455444     
  0.75946005708102526        2.5914322672671610     
  0.55226732315544602        3.1058356456368528     
  0.21338836225844315        2.4317941178709379     
  0.69550022836458558       0.14834622616660081     
  0.29716716363059248       0.61093722260784022     
  0.51022816774491397       0.57042875626747447     
   2.4851331422559353E-002  0.75231543878004026     
  0.50353160080807680       0.99754083935113302     
  0.78258845127838339        2.8246431455558594     
  0.93874228028805939        3.1084666063093089     
  0.11612028864768098       0.85545934730153494     
  0.81679205402507071        1.4875132271386051     
  0.70471204655430586       0.87141722201228000     
  0.63777361642338004       0.20107541730962591     
  0.86149472430304996        1.0043839114516193     
  0.37416396322574408        2.5647538116955482     
   7.7032540695143092E-002  0.11661919132737956     
  0.88026036682170405        2.2412994652504525     
  0.84878809286718460        1.6173825749461868     
  0.78193786270516585       0.35404356376401530     
  0.38005744907284766       0.24688964945227254     
  0.92030739822358365        2.9351895266368286     
  0.67997062370899997       0.10849765958855696     
   6.3203200028718043E-002  0.99229265323394622     
  0.70339443706588467        1.5177038944638506     
  0.63006639049915047       0.46912914671337602     
  0.39328897176720823        6.4636660285123548E-002
  0.77715156762933368       0.74108327948360531     
  0.97270863392387985       0.30790878179782022     
  0.73366633408822346       0.41373322878078972     
  0.81243501855901734       0.82178404452617193     
  0.75928066194148025        2.6244003706423502     
  0.86873722249256857        2.9611752645854104     
   3.2369895502790902E-002   2.2714980255124626     
  0.37604822268983873        1.1737932355203784     
  0.31377269409667963        1.1667008768496721     
   2.4337108306158428E-002  0.21771834531483666     
  0.83266673712471262        1.3310703354081890     
  0.86635873532685337       0.81361437551105020     
  0.83708582006886323        2.2518671879727559     
  0.79038086188848922        2.2297715760256169     
  0.88068086351415098       0.98305408942745276     
  0.67580830312191331        1.8924149907965147     
  0.74523954075846044        1.8130133493002489     
  0.31087777786183357        2.5093485880901207     
   6.0452378041837451E-002   2.1409120452250847     
  0.47814728956285812       0.39515469102808959     
  0.69685854150285553        3.1212011923844472     
  0.98582548451091967        2.2368042809948925     
  0.75878999053620610       0.63354718328373005     
  0.48178796388479339        3.0550968282549245     
  0.88800727116910783       0.16543271739189311     
  0.48343872188422465        1.7105260654166417     
  0.81147266421542374       0.59734178005138105     
  0.73856617155614590       0.27835095414122624     
  0.83492719816706140       0.42237333280696787     
  0.10685071754033215       0.54334091969822862     
  0.31757768502918338       0.43530534592162451     
  0.91182437232396807       0.60736382213379458     
  0.52056709259174883        2.5228580238025446     
  0.92432498841553123        3.0536236766020664     
  0.53900712033594289        2.8247503115912078     
  0.70666391376328164       0.32353554286252678     
  0.87684035611978239        2.4630881576311046     
  0.80869331026261859       0.45558228965247927     
  0.26836597072445956        2.1513834727804881     
  0.65958756466278012        1.5625226624664317     
  0.69404055213684612        1.1344375492307559     
  0.95300444053305444        1.3569043546325747     
  0.71790868269715613        1.1028467727008697     
  0.81130012021430353       0.98592695591247359     
  0.41583624701721511        2.1948469772102457     
  0.31371983167705131        3.1322957364458888     
  0.84930576627474441       0.55413857826120927     
  0.51614785264359864        3.0010230138869298     
  0.90622750522974116        1.1648196228874954     
  0.90479338781482943        2.9378286952509858     
  0.63122667477032657        1.8970056651567349     
  0.21719083889102653        7.3124668140457733E-002
  0.31568259892089623        2.2592750471242256     
  0.67895935400287899        1.9583435433837248     
  0.50237619594704153        2.2790403261412795     
  0.54375374399005072        1.5063573103082086     
  0.73582872038511604       0.36003104739637315     
  0.59590081265211403        1.6842053575631077     
  0.67436986635477003        2.5605052532339063     
  0.73475532630628704        1.4753262484159539     
  0.91180665360225033        1.7675795886702763     
  0.46396564442800770       0.41373813028905770     
  0.98829930620778894        2.6781005524988237     
  0.59986193082843942       0.25517006049084873     
  0.92815055443574901       0.93059497912405087     
  0.42334781779824959       0.69406832684110720     
  0.47886721947965727        2.3965081566588795     
  0.35380029490561227       0.88400266381920500     
  0.70051602620142150       0.49541956406148535     
  0.84923660552621538       0.24105824321767777     
  0.86215614268122764        3.2951508303153576E-002
  0.99904528514790858       0.12343711215960471     
  0.98047081400909364       0.45215571068604488     
  0.68910519494600020       0.80312281910233108     
   8.5041539737290783E-002   2.6599896480504501     
  0.82533591099049830        1.6931516646680911     
  0.96047036122081597        1.2816301122498726     
  0.92384295024369545        1.5172503658534537     
  0.99697991082153781        1.1321494824990426     
   3.8907693088140127E-002   1.3388876058475239     
  0.88710001763390800        3.0278376996351484     
  0.90432322533326548        1.5209958105366645     
  0.59715774470446814        2.5422484116240769     
  0.43342821874594950        1.0935829999685358     
  0.85440267813271420        1.1764611080672640     
  0.48883673526895099        1.8613531713288529     
  0.94476117340301102        2.2692631096334597     
  0.98934186783460176       0.39922402443205235     
  0.33206345563374340        1.5884018161930971     
  0.72596624835166912        1.4588203596485032     
  0.46577937336147990        2.9502702178249720     
  0.80854062039805463        1.8391018374329289     
  0.95446610456133418        1.0806496868542790     
  0.93388800563811591       0.10461458354907083     
  0.24370557946882032        1.7829043211171295E-002
  0.92003934371251839        2.1310766710385760     
  0.49565396018120489       0.24803484177311097     
  0.80384148814545375        1.3565624845225594E-002
  0.88166134493154991        2.5987231608061987     
  0.87769050587787789        3.0134863436046309     
  0.92041357473017960        1.1135719388488918     
  0.24056894901973680        1.7074905125513509     
  0.96051053259311336       0.22108486225706700     
  0.12684012978264392        2.8358095781261041     
  0.99795895292347769        1.1708410735971269     
  0.67307988389113194       0.72985624520244496     
  0.88827056839843066        1.0451297759535230     
  0.82757793587549355        2.4621743888577794     
  0.87407117500494425       0.95286774342686109     
  0.81067491083301058        3.0198548624327586     
  0.75403808677948203       0.74104228712351339     
  0.12659973381798506        2.2312794575732156     
  0.68967847549574923        1.4889138846421919     
  0.98900213556435368       0.18545839876977444     
  0.59623525993744320        2.1059033255705844     
  0.33809950513522413       0.16870623368608653     
  0.53300520282679542       0.64940776929408983     
  0.52662310830887893        1.8407253438974289     
  0.85658357673374930        1.4822494779368840     
  0.72010206178742509        3.0615108210828974     
   6.6871101133640698E-002  0.63453854584701763     
  0.69030538129873165        1.6107051585100847     
  0.60679413870968091        1.2694319672984731     
  0.74224914783629170       0.95466707029679920     
  0.99332778067702010        2.8980735284608694     
  0.93925765246142545       0.39944272888364890     
  0.99814464761124899        3.0655225862927078     
  0.78617126461066511        1.1603521647884729     
  0.91800490679546376       0.66581953350381240     
  0.75568364263692800        3.0994182300467683     
  0.80563733444576946        2.1920621197633077     
   7.8345431300771873E-002  0.88381158034194918     
   8.1038620293651276E-002   1.0424526972506367     
  0.43515057409695201        2.2883339231607320     
  0.81956936262894808        1.0343497769982883     
  0.85754386972601315        2.5079632013602837     
  0.74719757582858992        1.6258924292736896     
  0.47684555635412018        2.9282363855030198     
  0.70922125537935332        2.0285888365039524     
  0.81183504701334397       0.22419627126489072     
  0.70054453554230900        2.5078901300477598     
  0.72052681832352483        1.0595124015957174     
  0.67266393062451990       0.54256733364884335     
   7.3313623708895603E-002   1.8444277308911490     
  0.61144488819938259        1.6110002933900520     
  0.55556735135134128        2.7155158046216319     
  0.94846252560974231        1.6139630813380232     
  0.95821881701362999        2.8130301127701998     
  0.98396594872445875        2.0324927917604043     
  0.88190816662681337       0.79405391428166683     
  0.73231307251958677       0.45412034592121880     
  0.80870341697942927        2.9595327426425913     
  0.88213009957822852        1.1466921791586824     
  0.89765229749972342        2.6312575928117590     
  0.38541965627539543       0.40200222838511768     
  0.31076322686464841        2.8262421388178849     
  0.67844773981828455        2.9402779734168574     
  0.98648511286436691        1.8859525115015272     
  0.85204410588038149        2.1619713728677064     
  0.26332427032958405       0.56779322253047448     
  0.92119031506235294        1.1114712720869251     
  0.76894295121427592        1.5709087669151529     
  0.71079231064502080        2.8158575869290936     
  0.38160571131404508        1.9347825237371313E-002
  0.19594997767854061        2.8997251622609141     
  0.44355447072224774       0.97163770150305750     
  0.25416370345463013        2.6195559800964134     
  0.75498796137692981        1.8377865526034352     
  0.18865489754606535        2.3478134881216066     
  0.48534706541348627        1.1616548013255605     
  0.98240171959718392        1.5589638007930988     
  0.77874721800429336        1.3327362264805012     
  0.65019190930608395        1.4738489177147542     
  0.39966400854700324        1.0516192721706588     
  0.27856868971557047        1.4722131945093053     
  0.76729712694521046        2.4159003410931481     
  0.94615356707872345        2.6430774890789470     
  0.69570419599359934        2.6995963304487924     
  0.88924200246787632        1.7963432130298860     
  0.65624956991175099        2.2601259907295508     
  0.67063065779851072        1.7800506552385298     
  0.72913369948543538        1.7907148203558811     
  0.34667766411145484        1.6640290617389222     
  0.95595010695277405        1.6044341564766609     
  0.80205416739282209       0.69392891576520144     
  0.39031981620524303        1.4389780226965712     
  0.84475834361185065        2.7455528224143180     
  0.97574368034078196        1.9948440811572890     
  0.96137259126269226        2.2210653258832189     
  0.76625032369420010       0.45842922420747423     
  0.89432382273125843        1.8655442809016867     
  0.62340273342639574       0.88430129785719203     
  0.90208431980447334       0.84667152791183242     
  0.94641217843648173        2.7931770253564996     
  0.88504321864152768        2.1537086974893414     
  0.94568602511187172        1.4430850996373683     
  0.92613031889727249       0.75045590884641378     
  0.60921558212289173        1.6996180850180638     
  0.90554220979799882        1.5726912029344162     
  0.32163714332709215       0.32718310328795414     
  0.76696371579991363       0.14411461158689381     
  0.85098542513563524        2.5262564688813165     
  0.41379249445382493        2.3331386748420893     
  0.88264876276338333       0.59239424824584064     
  0.92647259350099076        1.1567828342865505     
  0.91704247421110208       0.71004309620324824     
   9.8828522033301947E-002   2.1621658089255473     
  0.96992840695449534       0.24625348987426623     
  0.64561292658234881        1.6679906696640139     
  0.99286234003128881        2.6431375830697466     
  0.97564934991500962        2.0552545859537901     
  0.77925308296345452        2.3773272700485775     
  0.36830089560451384        1.6418304580529302     
  0.77890150793826229        2.8686098383169880     
  0.91520278964137869       0.80949683202876488     
   3.2639662369699840E-002  0.30241939656695782     
  0.87781219414210276       0.99309129281233810     
  0.53478892660438893       0.88869956781280635     
  0.55299183939088570        2.0272545914399380     
  0.92334689831816874        2.0970399950004737     
  0.89326449861955981        2.2597338527033530     
  0.67723845400754590        3.0732352253604365     
  0.68862052561909326        3.1084336801705192     
  0.44748616758033199        2.7721067709240326     
  0.98653829973447082       0.95807172059745260     
  0.80180898029890624        2.8581955082009900     
  0.56514784509841864        1.3161375907975323     
   5.5852864577109140E-002   1.2051227732976646     
  0.33312595380535992        1.5061172240295206     
  0.89681796984273832        2.5059203841765116     
  0.30563858462775007        2.4246785880352086     
  0.85669355493068100        3.0492783850352305     
  0.75835454596700802       0.98209800947539250     
  0.96399217976754970        2.4675877516037175     
  0.74959615043315675        2.4380574725779520     
  0.77591287928281383        2.0784855215193656     
  0.77342005254672430        2.1483402372504439     
  0.87294614478590982       0.10252629391021437     
  0.77533002117852223        1.6886445763733335     
   4.2908022307096561E-002  0.64795669006402445     
  0.91593432665226604        1.0848057786580756     
  0.12722104037265758        2.6433728655319650     
  0.58825535879961521        2.7307382977508445     
  0.80321477636306871        3.1235491163579772     
