         100
   4.9997731883326131E-002
  0.35001526211960066       0.51710298531649013     
  0.42508193896945096       0.15794169977681927     
   8.1377433163545912E-002   1.2521191596048764     
  0.42951975432831790        8.3183262036239380E-002
   2.6697668900557994E-002   2.7041986685332713     
   4.6351834918438417E-002   1.0839172660943444     
  0.30175438715383535        1.0278486501210775     
   8.0109016449273776E-002   1.0484253027524417     
   7.7917474692458133E-002   2.5964447812939433     
  0.28520574507615121       0.78344823174875922     
  0.50033723023271004        2.8366691794602819     
  0.35377878411387109        2.5778304447432738     
  0.43559407766747066        1.3906555040190165     
  0.36490603857691528        1.8013978797492856     
   9.3868222047877967E-002  0.32897251187161602     
   2.4551031950275210E-002   3.0509807935288240     
  0.34131180637753600        1.2022145336316541     
  0.37426496721161312       0.92092882686679101     
  0.38411936231989080       0.55965687056972602     
   1.8964579931183541E-003   2.2117079188491910     
  0.21936906484055629        2.1382729515990739     
  0.33325416889858878        1.9842225040436521     
  0.25313411476287911        2.7116073776682956     
  0.28104487943575057       0.97948613676584895     
   1.7580551401215630E-002   2.1170897260331909     
  0.40603390125063499        1.9794815549728693     
  0.46388654279015779        6.3286329424705023E-002
  0.17642081615109523        1.9367112211671049     
  0.46453184643571810        1.1021127139077835     
  0.23644300853604730       0.29065777679001270     
  0.16879056031131046       0.58753808115312767     
   3.7797904046574238E-003   2.5767624259888553     
  0.37239776742996594        2.4884500289486287     
  0.26907936393926102        2.6129902708018591     
   5.3505886656350019E-002   3.0227951624599161     
  0.10328289300375816        1.3206379491468070     
   6.3721146605945800E-002   1.8300507614098116     
  0.35189741542953351       0.44524491045175107     
  0.49300344091350673        7.4342268664983280E-002
   5.8903651140007583E-002  0.49394375218570330     
  0.33113641086942497       0.90430215444698270     
  0.13974009827611988        1.5868956650829951     
  0.47428184240370119        2.6523458686919277     
  0.35073821580340808        1.7842407971598888     
  0.43869324323796166       0.59535937550344453     
  0.23329147796133054        1.4436297918305492     
  0.14628826805655715       0.40875994543714400     
  0.42901975449910501        2.7663843245540676     
  0.20689518398736037        2.0145207409386128     
  0.27263044713255885        3.1216683828905287     
  0.45154584743220794       0.65550872327683596     
  0.48362450136417123        2.7377810377835274     
  0.13185778286739855        1.2092241958042038E-002
  0.18086932362260577        1.1956148387628263     
  0.41539145265078953       0.63712520922320737     
  0.10936592195936977        2.1826398410386858     
  0.35605427173338011        2.5986761799023750     
  0.26236417134963808        2.7396165587542844     
  0.32888670401805353        2.8735399538441122     
  0.46441199818712564        2.3019252156653405     
  0.20793890544664434        2.9700035471158497     
  0.40749369026194671        1.4555212276559013     
  0.26646771525107227        2.6928405168870988     
  0.18782502530030240       0.75987921161088101     
  0.32397443282260169        1.9569213500407177     
  0.17038582849939485       0.29484336116491061     
   9.1527468868483786E-002  0.31248074746105425     
  0.40926327487217706        1.2393689210769203     
  0.27751440766997476        2.5740471905874180     
  0.18190640741311839        2.7690213157271923     
  0.14462165448437031        2.0377630958780859     
  0.35544501991756244        1.5222576280680320     
  0.46074386802994605       0.71288590452474043     
  0.27542025141948034        8.8550046450022180E-002
  0.15465744878182913        9.9300834520954506E-002
   3.5484967874769090E-002  0.44001336242906852     
  0.26037002757919259       0.41686503427702393     
   6.5574477099117526E-002  0.90720843295834275     
   6.0979887094602434E-002   7.5237551181718043E-002
  0.52190968641741331       0.30060655616981879     
  0.43825455760581783        2.7686291467355781     
  0.42517286125462717        2.2200574032481173     
  0.41601064699053292        3.0402478629831693     
  0.29095952964979921        1.3976744058417658     
  0.30059421902268879        2.6943815992337390     
  0.32929319576552735        1.8837651922339331     
   6.8103478135121576E-002  0.12651932869329841     
  0.48511596121986472        2.4218053432924087     
  0.27234267984053334        2.3873069406441534     
  0.26031431218864165        1.8578308518678526     
  0.16702479775274345        1.2252730130052489     
  0.42943427567277975        7.0047316789025427E-002
   9.5398040606375648E-002   2.1930464009595365     
  0.42246933162385220        1.6739993246936500     
  0.43958382947578561        1.5864457550900628     
  0.25543650285950309        1.1373877980233580     
  0.25761862396316143        2.1150497449551064     
   7.4299441406504976E-002   3.0593739834165401     
  0.23792006010024233        1.7392392519275193     
  0.15382421040131983        2.1998979590616674     
